 
  ----jGRASP exec: python A7_P2_add1.py
 
 LASTNAME_FIRSTNAME
 CS-335, Spring 2023
 A7_P2_add1
 
 =============================================
 [0, 0, 0, 0, 0]
 [0, 0, 0, 0, 1]
 [0, 0, 0, 1, 0]
 [0, 0, 0, 1, 1]
 [0, 0, 1, 0, 0]
 [0, 0, 1, 0, 1]
 [0, 0, 1, 1, 0]
 [0, 0, 1, 1, 1]
 [0, 1, 0, 0, 0]
 [0, 1, 0, 0, 1]
 [0, 1, 0, 1, 0]
 [0, 1, 0, 1, 1]
 [0, 1, 1, 0, 0]
 [0, 1, 1, 0, 1]
 [0, 1, 1, 1, 0]
 [0, 1, 1, 1, 1]
 [1, 0, 0, 0, 0]
 [1, 0, 0, 0, 1]
 [1, 0, 0, 1, 0]
 [1, 0, 0, 1, 1]
 [1, 0, 1, 0, 0]
 [1, 0, 1, 0, 1]
 [1, 0, 1, 1, 0]
 [1, 0, 1, 1, 1]
 [1, 1, 0, 0, 0]
 [1, 1, 0, 0, 1]
 [1, 1, 0, 1, 0]
 [1, 1, 0, 1, 1]
 [1, 1, 1, 0, 0]
 [1, 1, 1, 0, 1]
 [1, 1, 1, 1, 0]
 [1, 1, 1, 1, 1]
 
  ----jGRASP: operation complete.
 