DUC_DANG
CS-335, Spring 2023
A2_P5_JUGS_BFS

###########################################################
Jug capacities:  [6, 4, 1]

frontier =  [[6, 0, 0]]
visisted = [[6, 0, 0], [6, 0, 0]]

popped amount = [6, 0, 0]


frontier =  [[2, 4, 0], [5, 0, 1]]
visisted = [[6, 0, 0], [6, 0, 0], [[2, 4, 0], [6, 0, 0]], [[5, 0, 1], [6, 0, 0]]]

popped amount = [2, 4, 0]


frontier =  [[5, 0, 1], [1, 4, 1], [2, 3, 1]]
visisted = [[6, 0, 0], [6, 0, 0], [[2, 4, 0], [6, 0, 0]], [[5, 0, 1], [6, 0, 0]], [[1, 4, 1], [2, 4, 0]], [[2, 3, 1], [2, 4, 0]]]

popped amount = [5, 0, 1]


frontier =  [[1, 4, 1], [2, 3, 1], [5, 1, 0]]
visisted = [[6, 0, 0], [6, 0, 0], [[2, 4, 0], [6, 0, 0]], [[5, 0, 1], [6, 0, 0]], [[1, 4, 1], [2, 4, 0]], [[2, 3, 1], [2, 4, 0]], [[5, 1, 0], [5, 0, 1]]]

popped amount = [1, 4, 1]


frontier =  [[2, 3, 1], [5, 1, 0]]
visisted = [[6, 0, 0], [6, 0, 0], [[2, 4, 0], [6, 0, 0]], [[5, 0, 1], [6, 0, 0]], [[1, 4, 1], [2, 4, 0]], [[2, 3, 1], [2, 4, 0]], [[5, 1, 0], [5, 0, 1]]]

popped amount = [2, 3, 1]


frontier =  [[5, 1, 0], [3, 3, 0]]
visisted = [[6, 0, 0], [6, 0, 0], [[2, 4, 0], [6, 0, 0]], [[5, 0, 1], [6, 0, 0]], [[1, 4, 1], [2, 4, 0]], [[2, 3, 1], [2, 4, 0]], [[5, 1, 0], [5, 0, 1]], [[3, 3, 0], [2, 3, 1]]]

popped amount = [5, 1, 0]


frontier =  [[3, 3, 0], [4, 1, 1]]
visisted = [[6, 0, 0], [6, 0, 0], [[2, 4, 0], [6, 0, 0]], [[5, 0, 1], [6, 0, 0]], [[1, 4, 1], [2, 4, 0]], [[2, 3, 1], [2, 4, 0]], [[5, 1, 0], [5, 0, 1]], [[3, 3, 0], [2, 3, 1]], [[4, 1, 1], [5, 1, 0]]]

popped amount = [3, 3, 0]


Best solution:  [[6, 0, 0], [2, 4, 0], [2, 3, 1], [3, 3, 0]]
Number of pours:  3
Visited length:  8

###########################################################
Jug capacities:  [6, 4, 1]

Best solution:  [[6, 0, 0], [2, 4, 0], [2, 3, 1], [3, 3, 0]]
Number of pours:  3
Visited length:  8

###########################################################
Jug capacities:  [8, 5, 3]

frontier =  [[8, 0, 0]]
visisted = [[8, 0, 0], [8, 0, 0]]

popped amount = [8, 0, 0]


frontier =  [[3, 5, 0], [5, 0, 3]]
visisted = [[8, 0, 0], [8, 0, 0], [[3, 5, 0], [8, 0, 0]], [[5, 0, 3], [8, 0, 0]]]

popped amount = [3, 5, 0]


frontier =  [[5, 0, 3], [0, 5, 3], [3, 2, 3]]
visisted = [[8, 0, 0], [8, 0, 0], [[3, 5, 0], [8, 0, 0]], [[5, 0, 3], [8, 0, 0]], [[0, 5, 3], [3, 5, 0]], [[3, 2, 3], [3, 5, 0]]]

popped amount = [5, 0, 3]


frontier =  [[0, 5, 3], [3, 2, 3], [5, 3, 0]]
visisted = [[8, 0, 0], [8, 0, 0], [[3, 5, 0], [8, 0, 0]], [[5, 0, 3], [8, 0, 0]], [[0, 5, 3], [3, 5, 0]], [[3, 2, 3], [3, 5, 0]], [[5, 3, 0], [5, 0, 3]]]

popped amount = [0, 5, 3]


frontier =  [[3, 2, 3], [5, 3, 0]]
visisted = [[8, 0, 0], [8, 0, 0], [[3, 5, 0], [8, 0, 0]], [[5, 0, 3], [8, 0, 0]], [[0, 5, 3], [3, 5, 0]], [[3, 2, 3], [3, 5, 0]], [[5, 3, 0], [5, 0, 3]]]

popped amount = [3, 2, 3]


frontier =  [[5, 3, 0], [6, 2, 0]]
visisted = [[8, 0, 0], [8, 0, 0], [[3, 5, 0], [8, 0, 0]], [[5, 0, 3], [8, 0, 0]], [[0, 5, 3], [3, 5, 0]], [[3, 2, 3], [3, 5, 0]], [[5, 3, 0], [5, 0, 3]], [[6, 2, 0], [3, 2, 3]]]

popped amount = [5, 3, 0]


frontier =  [[6, 2, 0], [2, 3, 3]]
visisted = [[8, 0, 0], [8, 0, 0], [[3, 5, 0], [8, 0, 0]], [[5, 0, 3], [8, 0, 0]], [[0, 5, 3], [3, 5, 0]], [[3, 2, 3], [3, 5, 0]], [[5, 3, 0], [5, 0, 3]], [[6, 2, 0], [3, 2, 3]], [[2, 3, 3], [5, 3, 0]]]

popped amount = [6, 2, 0]


frontier =  [[2, 3, 3], [6, 0, 2]]
visisted = [[8, 0, 0], [8, 0, 0], [[3, 5, 0], [8, 0, 0]], [[5, 0, 3], [8, 0, 0]], [[0, 5, 3], [3, 5, 0]], [[3, 2, 3], [3, 5, 0]], [[5, 3, 0], [5, 0, 3]], [[6, 2, 0], [3, 2, 3]], [[2, 3, 3], [5, 3, 0]], [[6, 0, 2], [6, 2, 0]]]

popped amount = [2, 3, 3]


frontier =  [[6, 0, 2], [2, 5, 1]]
visisted = [[8, 0, 0], [8, 0, 0], [[3, 5, 0], [8, 0, 0]], [[5, 0, 3], [8, 0, 0]], [[0, 5, 3], [3, 5, 0]], [[3, 2, 3], [3, 5, 0]], [[5, 3, 0], [5, 0, 3]], [[6, 2, 0], [3, 2, 3]], [[2, 3, 3], [5, 3, 0]], [[6, 0, 2], [6, 2, 0]], [[2, 5, 1], [2, 3, 3]]]

popped amount = [6, 0, 2]


frontier =  [[2, 5, 1], [1, 5, 2]]
visisted = [[8, 0, 0], [8, 0, 0], [[3, 5, 0], [8, 0, 0]], [[5, 0, 3], [8, 0, 0]], [[0, 5, 3], [3, 5, 0]], [[3, 2, 3], [3, 5, 0]], [[5, 3, 0], [5, 0, 3]], [[6, 2, 0], [3, 2, 3]], [[2, 3, 3], [5, 3, 0]], [[6, 0, 2], [6, 2, 0]], [[2, 5, 1], [2, 3, 3]], [[1, 5, 2], [6, 0, 2]]]

popped amount = [2, 5, 1]


frontier =  [[1, 5, 2], [7, 0, 1]]
visisted = [[8, 0, 0], [8, 0, 0], [[3, 5, 0], [8, 0, 0]], [[5, 0, 3], [8, 0, 0]], [[0, 5, 3], [3, 5, 0]], [[3, 2, 3], [3, 5, 0]], [[5, 3, 0], [5, 0, 3]], [[6, 2, 0], [3, 2, 3]], [[2, 3, 3], [5, 3, 0]], [[6, 0, 2], [6, 2, 0]], [[2, 5, 1], [2, 3, 3]], [[1, 5, 2], [6, 0, 2]], [[7, 0, 1], [2, 5, 1]]]

popped amount = [1, 5, 2]


frontier =  [[7, 0, 1], [1, 4, 3]]
visisted = [[8, 0, 0], [8, 0, 0], [[3, 5, 0], [8, 0, 0]], [[5, 0, 3], [8, 0, 0]], [[0, 5, 3], [3, 5, 0]], [[3, 2, 3], [3, 5, 0]], [[5, 3, 0], [5, 0, 3]], [[6, 2, 0], [3, 2, 3]], [[2, 3, 3], [5, 3, 0]], [[6, 0, 2], [6, 2, 0]], [[2, 5, 1], [2, 3, 3]], [[1, 5, 2], [6, 0, 2]], [[7, 0, 1], [2, 5, 1]], [[1, 4, 3], [1, 5, 2]]]

popped amount = [7, 0, 1]


frontier =  [[1, 4, 3], [7, 1, 0]]
visisted = [[8, 0, 0], [8, 0, 0], [[3, 5, 0], [8, 0, 0]], [[5, 0, 3], [8, 0, 0]], [[0, 5, 3], [3, 5, 0]], [[3, 2, 3], [3, 5, 0]], [[5, 3, 0], [5, 0, 3]], [[6, 2, 0], [3, 2, 3]], [[2, 3, 3], [5, 3, 0]], [[6, 0, 2], [6, 2, 0]], [[2, 5, 1], [2, 3, 3]], [[1, 5, 2], [6, 0, 2]], [[7, 0, 1], [2, 5, 1]], [[1, 4, 3], [1, 5, 2]], [[7, 1, 0], [7, 0, 1]]]

popped amount = [1, 4, 3]


frontier =  [[7, 1, 0], [4, 4, 0]]
visisted = [[8, 0, 0], [8, 0, 0], [[3, 5, 0], [8, 0, 0]], [[5, 0, 3], [8, 0, 0]], [[0, 5, 3], [3, 5, 0]], [[3, 2, 3], [3, 5, 0]], [[5, 3, 0], [5, 0, 3]], [[6, 2, 0], [3, 2, 3]], [[2, 3, 3], [5, 3, 0]], [[6, 0, 2], [6, 2, 0]], [[2, 5, 1], [2, 3, 3]], [[1, 5, 2], [6, 0, 2]], [[7, 0, 1], [2, 5, 1]], [[1, 4, 3], [1, 5, 2]], [[7, 1, 0], [7, 0, 1]], [[4, 4, 0], [1, 4, 3]]]

popped amount = [7, 1, 0]


frontier =  [[4, 4, 0], [4, 1, 3]]
visisted = [[8, 0, 0], [8, 0, 0], [[3, 5, 0], [8, 0, 0]], [[5, 0, 3], [8, 0, 0]], [[0, 5, 3], [3, 5, 0]], [[3, 2, 3], [3, 5, 0]], [[5, 3, 0], [5, 0, 3]], [[6, 2, 0], [3, 2, 3]], [[2, 3, 3], [5, 3, 0]], [[6, 0, 2], [6, 2, 0]], [[2, 5, 1], [2, 3, 3]], [[1, 5, 2], [6, 0, 2]], [[7, 0, 1], [2, 5, 1]], [[1, 4, 3], [1, 5, 2]], [[7, 1, 0], [7, 0, 1]], [[4, 4, 0], [1, 4, 3]], [[4, 1, 3], [7, 1, 0]]]

popped amount = [4, 4, 0]


Best solution:  [[8, 0, 0], [3, 5, 0], [3, 2, 3], [6, 2, 0], [6, 0, 2], [1, 5, 2], [1, 4, 3], [4, 4, 0]]
Number of pours:  7
Visited length:  16

###########################################################
Jug capacities:  [8, 5, 3]

Best solution:  [[8, 0, 0], [3, 5, 0], [3, 2, 3], [6, 2, 0], [6, 0, 2], [1, 5, 2], [1, 4, 3], [4, 4, 0]]
Number of pours:  7
Visited length:  16

###########################################################
Jug capacities:  [10, 7, 4]

Best solution:  [[10, 0, 0], [6, 0, 4], [0, 6, 4], [4, 6, 0], [4, 2, 4], [8, 2, 0], [8, 0, 2], [1, 7, 2], [5, 5, 0]]
Number of pours:  8
Visited length:  21

###########################################################
Jug capacities:  [12, 9, 7]

Not possible

=========== END OF INITIAL TESTS ==============================================


###########################################################
Jug capacities:  [10, 6, 2]

Not possible

###########################################################
Jug capacities:  [10, 7, 3]

Best solution:  [[10, 0, 0], [3, 7, 0], [3, 4, 3], [6, 4, 0], [6, 1, 3], [9, 1, 0], [9, 0, 1], [2, 7, 1], [2, 5, 3], [5, 5, 0]]
Number of pours:  9
Visited length:  20

###########################################################
Jug capacities:  [16, 9, 7]

Best solution:  [[16, 0, 0], [7, 9, 0], [7, 2, 7], [14, 2, 0], [14, 0, 2], [5, 9, 2], [5, 4, 7], [12, 4, 0], [12, 0, 4], [3, 9, 4], [3, 6, 7], [10, 6, 0], [10, 0, 6], [1, 9, 6], [1, 8, 7], [8, 8, 0]]
Number of pours:  15
Visited length:  32

###########################################################
Jug capacities:  [20, 12, 1]

Best solution:  [[20, 0, 0], [8, 12, 0], [8, 11, 1], [9, 11, 0], [9, 10, 1], [10, 10, 0]]
Number of pours:  5
Visited length:  12

###########################################################
Jug capacities:  [32, 17, 15]

Best solution:  [[32, 0, 0], [15, 17, 0], [15, 2, 15], [30, 2, 0], [30, 0, 2], [13, 17, 2], [13, 4, 15], [28, 4, 0], [28, 0, 4], [11, 17, 4], [11, 6, 15], [26, 6, 0], [26, 0, 6], [9, 17, 6], [9, 8, 15], [24, 8, 0], [24, 0, 8], [7, 17, 8], [7, 10, 15], [22, 10, 0], [22, 0, 10], [5, 17, 10], [5, 12, 15], [20, 12, 0], [20, 0, 12], [3, 17, 12], [3, 14, 15], [18, 14, 0], [18, 0, 14], [1, 17, 14], [1, 16, 15], [16, 16, 0]]
Number of pours:  31
Visited length:  64

###########################################################
Jug capacities:  [60, 51, 17]

Not possible

Process finished with exit code 0